	Январь	Февраль	Март	Апрель	Май	Июнь	Июль	Август	Сентябрь	Октябрь	Ноябрь	Декабрь	Среднегодовое
Start	1970	1970	1970	1970	1970	1970	1970	1970	1970	1970	1970	1970	1970
End	2016	2016	2016	2016	2016	2016	2016	2016	2016	2016	2016	2016	2016
N_obs	47	47	47	47	47	47	47	47	47	47	47	47	47
N_miss	25	26	25	25	25	25	25	25	25	23	23	23	26
Obs	22	21	22	22	22	22	22	22	22	24	24	24	21
Mean	8.053	8.369	10.912	22.129	14.380	11.443	10.746	10.165	10.048	9.188	10.478	9.808	11.152
MK_trend_005	0	1	0	0	0	0	1	0	0	0	0	0	1
MK_trend_01	0	1	0	-1	0	0	1	1	0	0	0	0	1
THEIL_S	0.149	0.250	0.182	-0.361	0.002	0.077	0.299	0.226	0.167	0.216	0.184	0.047	0.152
Change	1.20	4.35	3.46	-7.95	0.05	1.69	6.58	4.97	3.67	5.19	4.40	-0.83	2.73
Change_proc	15.0	52.0	31.7	-35.9	0.382	14.7	61.2	48.9	36.5	56.5	42.0	-8.5	24.5
Start	1970	1970	1970	1970	1970	1970	1970	1970	1970	1970	1970	1970	1970
End	2016	2016	2016	2016	2016	2016	2016	2016	2016	2016	2016	2016	2016
N_obs	47	47	47	47	47	47	47	47	47	47	47	47	47
N_miss	31	31	31	31	31	31	31	31	31	32	32	32	32
Obs	16	16	16	16	16	16	16	16	16	15	15	15	15
Mean	16.349	13.612	17.394	32.651	19.518	15.726	14.405	15.470	18.577	19.603	17.649	18.352	17.709
MK_trend_005	0	1	0	1	1	0	0	0	1	1	1	1	1
MK_trend_01	1	1	0	1	1	1	1	1	1	1	1	1	1
THEIL_S	0.731	0.557	0.401	1.584	1.023	0.648	0.405	0.507	0.909	0.859	1.097	0.992	0.672
Change	11.69	12.00	6.42	30.96	20.12	11.99	6.48	8.11	18.46	14.98	16.93	14.87	10.95
Change_proc	71.5	88.2	36.9	94.8	1.03e+02	76.2	45.0	52.4	99.4	76.4	95.9	81.1	61.8
Start	1970	1970	1970	1970	1970	1970	1970	1970	1970	1970	1970	1970	1970
End	2016	2016	2016	2016	2016	2016	2016	2016	2016	2016	2016	2016	2016
N_obs	47	47	47	47	47	47	47	47	47	47	47	47	47
N_miss	4	4	3	4	4	4	3	3	3	3	4	4	6
Obs	43	43	44	43	43	43	44	44	44	44	43	43	41
Mean	6.519	5.023	7.068	25.264	10.258	4.876	4.086	5.218	6.094	7.413	10.808	7.944	8.280
MK_trend_005	1	1	1	0	0	0	0	0	0	0	0	0	1
MK_trend_01	1	1	1	0	0	1	0	0	0	0	0	0	1
THEIL_S	0.118	0.094	0.112	0.122	0.005	0.043	0.020	0.020	0.014	-0.020	0.043	0.072	0.078
Change	5.06	3.78	4.27	4.86	0.20	1.86	0.86	0.86	0.92	-0.86	1.86	3.10	2.90
Change_proc	77.7	75.3	60.5	19.2	1.92	38.2	21.0	16.5	15.1	-11.6	17.2	39.0	35.0
Start	1970	1970	1970	1970	1970	1970	1970	1970	1970	1970	1970	1970	1970
End	2016	2016	2016	2016	2016	2016	2016	2016	2016	2016	2016	2016	2016
N_obs	47	47	47	47	47	47	47	47	47	47	47	47	47
N_miss	2	2	1	1	1	1	1	1	1	1	1	1	3
Obs	45	45	46	46	46	46	46	46	46	46	46	46	44
Mean	11.066	9.149	11.431	31.178	13.959	7.933	6.432	7.449	8.512	11.224	15.071	13.123	12.249
MK_trend_005	0	1	1	0	0	0	0	0	0	0	0	0	0
MK_trend_01	1	1	1	0	0	0	0	0	0	0	0	0	0
THEIL_S	0.113	0.102	0.145	-0.024	-0.007	0.003	0.011	0.004	-0.019	-0.037	-0.024	0.012	0.014
Change	5.08	4.61	4.13	-2.37	-0.31	0.16	0.52	0.17	-0.88	-1.70	-1.10	0.57	0.60
Change_proc	45.9	50.4	36.2	-7.6	-2.2	2.02	8.14	2.26	-10.4	-15.2	-7.33	4.33	4.86
Start	1970	1970	1970	1970	1970	1970	1970	1970	1970	1970	1970	1970	1970
End	2016	2016	2016	2016	2016	2016	2016	2016	2016	2016	2016	2016	2016
N_obs	47	47	47	47	47	47	47	47	47	47	47	47	47
N_miss	8	11	10	5	5	4	4	4	5	6	6	7	14
Obs	39	36	37	42	42	43	43	43	42	41	41	40	33
Mean	17.785	17.064	17.284	36.918	46.144	37.294	26.114	17.737	14.586	13.452	15.680	16.706	24.621
MK_trend_005	1	1	1	1	1	1	1	1	1	1	1	1	1
MK_trend_01	1	1	1	1	1	1	1	1	1	1	1	1	1
THEIL_S	0.789	0.921	0.791	0.844	0.527	0.602	0.624	0.449	0.363	0.410	0.547	0.544	0.763
Change	30.76	33.16	29.27	35.47	22.13	25.90	26.86	20.17	18.35	21.68	24.63	21.12	25.50
Change_proc	1.73e+02	1.94e+02	1.69e+02	96.1	48.0	69.4	1.03e+02	1.14e+02	1.26e+02	1.61e+02	1.57e+02	1.26e+02	1.04e+02
Start	1970	1970	1970	1970	1970	1970	1970	1970	1970	1970	1970	1970	1970
End	2016	2016	2016	2016	2016	2016	2016	2016	2016	2016	2016	2016	2016
N_obs	47	47	47	47	47	47	47	47	47	47	47	47	47
N_miss	1	1	3	2	3	2	2	1	1	2	1	1	3
Obs	46	46	44	45	44	45	45	46	46	45	46	46	44
Mean	18.954	18.157	19.980	39.521	33.341	29.017	25.352	22.544	19.882	19.559	21.083	20.381	24.030
MK_trend_005	1	1	1	1	1	1	1	1	1	1	1	1	1
MK_trend_01	1	1	1	1	1	1	1	1	1	1	1	1	1
THEIL_S	0.218	0.275	0.325	0.313	0.247	0.446	0.536	0.488	0.377	0.255	0.269	0.250	0.370
Change	10.05	12.65	14.31	14.10	10.86	20.01	25.29	23.56	17.33	11.47	12.40	11.07	16.38
Change_proc	53.0	69.7	71.6	35.7	32.6	69.0	99.8	1.04e+02	87.2	58.6	58.8	54.3	68.2
Start	1970	1970	1970	1970	1970	1970	1970	1970	1970	1970	1970	1970	1970
End	2016	2016	2016	2016	2016	2016	2016	2016	2016	2016	2016	2016	2016
N_obs	47	47	47	47	47	47	47	47	47	47	47	47	47
N_miss	2	2	2	2	2	2	2	2	2	3	2	2	3
Obs	45	45	45	45	45	45	45	45	45	44	45	45	44
Mean	7.269	6.836	7.484	22.123	10.662	7.923	8.072	7.772	6.883	6.842	8.677	7.733	9.077
MK_trend_005	0	1	1	0	0	0	1	1	0	0	0	0	1
MK_trend_01	1	1	1	0	0	1	1	1	0	0	0	0	1
THEIL_S	0.069	0.049	0.078	0.036	-0.056	0.055	0.093	0.073	0.053	0.004	0.001	0.009	0.080
Change	3.12	2.21	2.60	3.49	-2.52	2.46	4.19	3.27	1.97	-0.14	0.05	0.41	3.69
Change_proc	42.9	32.4	34.7	15.8	-23.6	31.1	51.9	42.1	28.6	-2.09	0.519	5.3	40.7
Start	1970	1970	1970	1970	1970	1970	1970	1970	1970	1970	1970	1970	1970
End	2016	2016	2016	2016	2016	2016	2016	2016	2016	2016	2016	2016	2016
N_obs	47	47	47	47	47	47	47	47	47	47	47	47	47
N_miss	1	1	1	1	1	1	1	1	2	1	1	1	2
Obs	46	46	46	46	46	46	46	46	45	46	46	46	45
Mean	6.951	6.157	7.828	30.014	11.736	4.725	4.306	4.441	5.135	6.015	9.718	8.234	8.827
MK_trend_005	1	1	1	0	0	1	0	0	0	0	0	0	1
MK_trend_01	1	1	1	0	0	1	0	0	0	0	0	0	1
THEIL_S	0.078	0.090	0.090	-0.034	-0.025	0.057	0.020	0.018	0.027	0.007	0.005	0.072	0.078
Change	3.59	4.14	3.14	-1.51	-0.82	2.61	0.91	0.83	1.09	0.32	0.24	3.31	3.13
Change_proc	51.7	67.2	40.1	-5.02	-6.97	55.2	21.1	18.7	21.2	5.4	2.48	40.2	35.5
Start	1970	1970	1970	1970	1970	1970	1970	1970	1970	1970	1970	1970	1970
End	2016	2016	2016	2016	2016	2016	2016	2016	2016	2016	2016	2016	2016
N_obs	47	47	47	47	47	47	47	47	47	47	47	47	47
N_miss	10	10	10	10	10	10	10	10	10	10	10	11	11
Obs	37	37	37	37	37	37	37	37	37	37	37	36	36
Mean	5.535	5.208	7.606	31.772	10.864	4.475	3.474	4.025	4.304	5.681	8.884	6.339	8.333
MK_trend_005	1	1	1	0	0	0	0	0	0	0	0	0	0
MK_trend_01	1	1	1	0	0	0	0	0	0	0	0	0	0
THEIL_S	0.079	0.079	0.178	-0.091	-0.008	0.048	0.007	0.002	0.002	0.005	0.020	-0.004	0.036
Change	2.93	3.02	6.59	-3.35	-0.30	2.65	0.24	0.06	-0.24	-0.69	0.73	-0.04	0.51
Change_proc	53.0	57.9	86.7	-10.6	-2.79	59.3	6.97	1.43	-5.68	-12.1	8.25	-0.588	6.09
Start	1970	1970	1970	1970	1970	1970	1970	1970	1970	1970	1970	1970	1970
End	2016	2016	2016	2016	2016	2016	2016	2016	2016	2016	2016	2016	2016
N_obs	47	47	47	47	47	47	47	47	47	47	47	47	47
N_miss	19	19	19	19	19	19	19	19	20	20	20	20	20
Obs	28	28	28	28	28	28	28	28	27	27	27	27	27
Mean	13.861	15.865	19.394	85.496	33.849	12.372	8.429	12.293	14.621	21.050	26.796	18.306	23.429
MK_trend_005	0	1	1	0	0	0	0	0	0	0	0	0	1
MK_trend_01	1	1	1	0	0	0	0	0	0	0	0	0	1
THEIL_S	0.344	0.229	0.734	0.036	0.402	0.155	0.009	0.027	0.119	0.490	-0.293	0.159	0.367
Change	9.48	6.59	18.98	1.00	11.25	4.34	0.26	0.74	3.17	13.26	-7.91	4.29	8.51
Change_proc	68.4	41.5	97.9	1.16	33.2	35.1	3.13	6.04	21.7	63.0	-29.5	23.4	36.3
Start	1970	1970	1970	1970	1970	1970	1970	1970	1970	1970	1970	1970	1970
End	2016	2016	2016	2016	2016	2016	2016	2016	2016	2016	2016	2016	2016
N_obs	47	47	47	47	47	47	47	47	47	47	47	47	47
N_miss	1	4	1	0	0	0	0	0	0	1	0	0	4
Obs	46	43	46	47	47	47	47	47	47	46	47	47	43
Mean	10.240	10.641	11.962	32.794	14.059	7.536	5.467	5.602	6.433	8.765	12.260	11.333	11.577
MK_trend_005	0	0	0	0	0	0	0	0	0	0	0	0	0
MK_trend_01	0	0	1	0	0	0	0	0	0	0	0	0	0
THEIL_S	0.089	0.046	0.093	-0.044	0.001	0.007	0.004	-0.003	-0.001	-0.013	-0.003	0.079	0.030
Change	4.09	0.56	2.29	-4.15	0.08	0.35	0.19	-0.14	-0.16	-0.68	-0.14	3.71	0.98
Change_proc	40.0	5.28	19.2	-12.7	0.572	4.61	3.44	-2.58	-2.55	-7.79	-1.13	32.7	8.48
Start	1970	1970	1970	1970	1970	1970	1970	1970	1970	1970	1970	1970	1970
End	2016	2016	2016	2016	2016	2016	2016	2016	2016	2016	2016	2016	2016
N_obs	47	47	47	47	47	47	47	47	47	47	47	47	47
N_miss	3	3	3	3	3	3	3	3	4	3	3	3	4
Obs	44	44	44	44	44	44	44	44	43	44	44	44	43
Mean	4.220	3.599	4.302	11.072	7.267	3.961	2.604	2.431	2.697	3.402	4.611	4.380	4.587
MK_trend_005	0	0	1	0	0	0	0	0	0	0	0	0	0
MK_trend_01	0	0	1	0	0	0	0	0	0	0	0	0	0
THEIL_S	0.016	0.028	0.042	0.006	0.014	0.004	0.002	-0.005	-0.012	-0.027	-0.025	0.020	0.008
Change	0.69	1.24	1.51	-1.65	0.49	0.19	0.08	-0.22	-0.51	-1.21	-1.08	0.87	0.20
Change_proc	16.4	34.4	35.0	-14.9	6.71	4.76	3.09	-9.16	-18.8	-35.4	-23.4	19.9	4.4
